16
-155.669387 -29.291387 -70.064660
-21.853762 103.252415 -137.336637
-123.193443 32.967767 117.202824
10.622183 165.511570 49.930848
-10.622183 -165.511570 -49.930848
123.193443 -32.967767 -117.202824
21.853762 -103.252415 137.336637
155.669387 29.291387 70.064660
-31.133877 -5.858277 -14.012932
-4.370752 20.650483 -27.467327
-24.638689 6.593553 23.440565
2.124437 33.102314 9.986170
-2.124437 -33.102314 -9.986170
24.638689 -6.593553 -23.440565
4.370752 -20.650483 27.467327
31.133877 5.858277 14.012932
32
0 1
0 2
3 1
3 2
4 5
4 6
7 5
7 6
0 4
1 5
2 6
3 7
8 9
8 10
11 9
11 10
12 13
12 14
15 13
15 14
8 12
9 13
10 14
11 15
0 8
1 9
2 10
3 11
4 12
5 13
6 14
7 15
