16
100.000000 100.000000 100.000000
100.000000 100.000000 -100.000000
100.000000 -100.000000 100.000000
100.000000 -100.000000 -100.000000
-100.000000 100.000000 100.000000
-100.000000 100.000000 -100.000000
-100.000000 -100.000000 100.000000
-100.000000 -100.000000 -100.000000
20.000000 20.000000 20.000000
20.000000 20.000000 -20.000000
20.000000 -20.000000 20.000000
20.000000 -20.000000 -20.000000
-20.000000 20.000000 20.000000
-20.000000 20.000000 -20.000000
-20.000000 -20.000000 20.000000
-20.000000 -20.000000 -20.000000
32
0 1
0 2
3 1
3 2
4 5
4 6
7 5
7 6
0 4
1 5
2 6
3 7
8 9
8 10
11 9
11 10
12 13
12 14
15 13
15 14
8 12
9 13
10 14
11 15
0 8
1 9
2 10
3 11
4 12
5 13
6 14
7 15
