486
116.0 -125.0 0.0
114.57184750903598 -125.0 18.14639794466678
110.32255589023781 -125.0 35.8459713474939
103.35675680585068 -125.0 52.66289796978742
93.8459713474939 -125.0 68.18308926592688
82.02438661763952 -125.0 82.02438661763951
68.18308926592688 -125.0 93.8459713474939
52.66289796978743 -125.0 103.35675680585067
35.8459713474939 -125.0 110.32255589023781
18.146397944666788 -125.0 114.57184750903598
7.102951435054649e-15 -125.0 116.0
-18.146397944666774 -125.0 114.57184750903598
-35.845971347493894 -125.0 110.32255589023782
-52.662897969787416 -125.0 103.35675680585068
-68.18308926592687 -125.0 93.8459713474939
-82.02438661763951 -125.0 82.02438661763952
-93.84597134749389 -125.0 68.1830892659269
-103.35675680585067 -125.0 52.66289796978744
-110.32255589023781 -125.0 35.84597134749391
-114.57184750903596 -125.0 18.146397944666795
-116.0 -125.0 1.4205902870109298e-14
-114.57184750903598 -125.0 -18.146397944666766
-110.32255589023782 -125.0 -35.84597134749389
-103.35675680585068 -125.0 -52.662897969787416
-93.84597134749392 -125.0 -68.18308926592687
-82.02438661763954 -125.0 -82.02438661763951
-68.1830892659269 -125.0 -93.84597134749389
-52.662897969787444 -125.0 -103.35675680585067
-35.845971347493915 -125.0 -110.32255589023781
-18.1463979446668 -125.0 -114.57184750903596
-2.1308854305163944e-14 -125.0 -116.0
18.14639794466676 -125.0 -114.57184750903598
35.84597134749388 -125.0 -110.32255589023782
52.66289796978741 -125.0 -103.3567568058507
68.18308926592685 -125.0 -93.84597134749392
82.0243866176395 -125.0 -82.02438661763954
93.84597134749389 -125.0 -68.18308926592691
103.35675680585067 -125.0 -52.66289796978745
110.32255589023781 -125.0 -35.84597134749392
114.57184750903596 -125.0 -18.14639794466681
112.0 -100.0 0.0
110.62109414665542 -100.0 17.520660084505856
106.5183298250572 -100.0 34.60990336999411
99.7927307090972 -100.0 50.846935970829236
90.60990336999411 -100.0 65.83194825675699
79.19595949289332 -100.0 79.19595949289331
65.83194825675699 -100.0 90.60990336999411
50.84693597082924 -100.0 99.79273070909719
34.609903369994115 -100.0 106.5183298250572
17.520660084505863 -100.0 110.62109414665542
6.858022075225178e-15 -100.0 112.0
-17.520660084505852 -100.0 110.62109414665542
-34.6099033699941 -100.0 106.51832982505721
-50.84693597082923 -100.0 99.7927307090972
-65.83194825675697 -100.0 90.60990336999411
-79.19595949289331 -100.0 79.19595949289332
-90.6099033699941 -100.0 65.831948256757
-99.79273070909719 -100.0 50.84693597082925
-106.5183298250572 -100.0 34.60990336999412
-110.62109414665542 -100.0 17.52066008450587
-112.0 -100.0 1.3716044150450356e-14
-110.62109414665542 -100.0 -17.520660084505842
-106.51832982505721 -100.0 -34.60990336999409
-99.7927307090972 -100.0 -50.84693597082923
-90.60990336999413 -100.0 -65.83194825675697
-79.19595949289334 -100.0 -79.19595949289331
-65.831948256757 -100.0 -90.6099033699941
-50.84693597082926 -100.0 -99.79273070909719
-34.60990336999413 -100.0 -106.5183298250572
-17.520660084505877 -100.0 -110.62109414665542
-2.0574066225675533e-14 -100.0 -112.0
17.520660084505835 -100.0 -110.62109414665542
34.609903369994086 -100.0 -106.51832982505721
50.84693597082922 -100.0 -99.79273070909721
65.83194825675696 -100.0 -90.60990336999413
79.19595949289331 -100.0 -79.19595949289334
90.6099033699941 -100.0 -65.83194825675702
99.79273070909719 -100.0 -50.846935970829264
106.5183298250572 -100.0 -34.609903369994136
110.62109414665542 -100.0 -17.520660084505884
108.0 -75.0 0.0
106.67034078427488 -75.0 16.894922224344935
102.71410375987658 -75.0 33.37383539249432
96.22870461234373 -75.0 49.03097397187105
87.37383539249433 -75.0 63.4808072475871
76.36753236814714 -75.0 76.36753236814712
63.4808072475871 -75.0 87.37383539249433
49.030973971871056 -75.0 96.22870461234372
33.37383539249433 -75.0 102.71410375987658
16.89492222434494 -75.0 106.67034078427488
6.6130927153957075e-15 -75.0 108.0
-16.894922224344928 -75.0 106.67034078427488
-33.373835392494314 -75.0 102.7141037598766
-49.03097397187104 -75.0 96.22870461234373
-63.48080724758709 -75.0 87.37383539249433
-76.36753236814712 -75.0 76.36753236814714
-87.37383539249431 -75.0 63.48080724758711
-96.22870461234372 -75.0 49.03097397187106
-102.71410375987658 -75.0 33.37383539249433
-106.67034078427487 -75.0 16.894922224344946
-108.0 -75.0 1.3226185430791415e-14
-106.67034078427488 -75.0 -16.894922224344917
-102.7141037598766 -75.0 -33.37383539249431
-96.22870461234373 -75.0 -49.03097397187104
-87.37383539249434 -75.0 -63.48080724758709
-76.36753236814715 -75.0 -76.36753236814712
-63.48080724758711 -75.0 -87.37383539249431
-49.03097397187107 -75.0 -96.22870461234372
-33.373835392494335 -75.0 -102.71410375987658
-16.894922224344953 -75.0 -106.67034078427487
-1.983927814618712e-14 -75.0 -108.0
16.894922224344914 -75.0 -106.67034078427488
33.3738353924943 -75.0 -102.7141037598766
49.030973971871035 -75.0 -96.22870461234375
63.48080724758707 -75.0 -87.37383539249434
76.36753236814711 -75.0 -76.36753236814715
87.37383539249431 -75.0 -63.48080724758712
96.22870461234372 -75.0 -49.03097397187107
102.71410375987658 -75.0 -33.37383539249434
106.67034078427487 -75.0 -16.89492222434496
104.0 -50.0 0.0
102.71958742189433 -50.0 16.26918436418401
98.90987769469596 -50.0 32.13776741499453
92.66467851559027 -50.0 47.21501197291286
84.13776741499453 -50.0 61.12966623841721
73.53910524340095 -50.0 73.53910524340094
61.12966623841721 -50.0 84.13776741499453
47.21501197291287 -50.0 92.66467851559025
32.137767414994535 -50.0 98.90987769469596
16.269184364184017 -50.0 102.71958742189433
6.368163355566236e-15 -50.0 104.0
-16.269184364184003 -50.0 102.71958742189433
-32.13776741499452 -50.0 98.90987769469598
-47.215011972912855 -50.0 92.66467851559027
-61.129666238417194 -50.0 84.13776741499453
-73.53910524340094 -50.0 73.53910524340095
-84.13776741499453 -50.0 61.129666238417215
-92.66467851559025 -50.0 47.215011972912876
-98.90987769469596 -50.0 32.13776741499454
-102.71958742189432 -50.0 16.26918436418402
-104.0 -50.0 1.2736326711132473e-14
-102.71958742189433 -50.0 -16.269184364183996
-98.90987769469598 -50.0 -32.13776741499452
-92.66467851559027 -50.0 -47.215011972912855
-84.13776741499454 -50.0 -61.129666238417194
-73.53910524340095 -50.0 -73.53910524340094
-61.129666238417215 -50.0 -84.13776741499453
-47.215011972912876 -50.0 -92.66467851559025
-32.13776741499455 -50.0 -98.90987769469596
-16.269184364184028 -50.0 -102.71958742189432
-1.9104490066698708e-14 -50.0 -104.0
16.26918436418399 -50.0 -102.71958742189433
32.137767414994514 -50.0 -98.90987769469598
47.21501197291285 -50.0 -92.66467851559027
61.12966623841719 -50.0 -84.13776741499454
73.53910524340093 -50.0 -73.53910524340095
84.13776741499453 -50.0 -61.12966623841723
92.66467851559025 -50.0 -47.21501197291288
98.90987769469596 -50.0 -32.13776741499455
102.71958742189432 -50.0 -16.269184364184035
100.0 -25.0 0.0
98.76883405951378 -25.0 15.643446504023087
95.10565162951535 -25.0 30.901699437494738
89.10065241883679 -25.0 45.399049973954675
80.90169943749474 -25.0 58.778525229247315
70.71067811865476 -25.0 70.71067811865474
58.778525229247315 -25.0 80.90169943749474
45.39904997395468 -25.0 89.10065241883677
30.901699437494745 -25.0 95.10565162951535
15.643446504023093 -25.0 98.76883405951378
6.123233995736766e-15 -25.0 100.0
-15.643446504023082 -25.0 98.76883405951378
-30.901699437494734 -25.0 95.10565162951536
-45.39904997395467 -25.0 89.10065241883679
-58.7785252292473 -25.0 80.90169943749474
-70.71067811865474 -25.0 70.71067811865476
-80.90169943749473 -25.0 58.77852522924732
-89.10065241883677 -25.0 45.39904997395469
-95.10565162951535 -25.0 30.901699437494752
-98.76883405951376 -25.0 15.643446504023098
-100.0 -25.0 1.2246467991473532e-14
-98.76883405951378 -25.0 -15.643446504023073
-95.10565162951536 -25.0 -30.901699437494727
-89.10065241883679 -25.0 -45.39904997395467
-80.90169943749476 -25.0 -58.7785252292473
-70.71067811865477 -25.0 -70.71067811865474
-58.77852522924732 -25.0 -80.90169943749473
-45.39904997395469 -25.0 -89.10065241883677
-30.901699437494756 -25.0 -95.10565162951535
-15.643446504023103 -25.0 -98.76883405951376
-1.8369701987210297e-14 -25.0 -100.0
15.643446504023068 -25.0 -98.76883405951378
30.901699437494724 -25.0 -95.10565162951536
45.39904997395466 -25.0 -89.1006524188368
58.77852522924729 -25.0 -80.90169943749476
70.71067811865474 -25.0 -70.71067811865477
80.90169943749473 -25.0 -58.778525229247336
89.10065241883677 -25.0 -45.399049973954696
95.10565162951535 -25.0 -30.901699437494763
98.76883405951376 -25.0 -15.643446504023112
96.0 0.0 0.0
94.81808069713323 0.0 15.017708643862164
91.30142556433474 0.0 29.665631459994948
85.53662632208332 0.0 43.58308797499649
77.66563145999496 0.0 56.42738422007742
67.88225099390857 0.0 67.88225099390856
56.42738422007742 0.0 77.66563145999496
43.583087974996495 0.0 85.53662632208331
29.665631459994955 0.0 91.30142556433474
15.017708643862168 0.0 94.81808069713323
5.878304635907295e-15 0.0 96.0
-15.017708643862157 0.0 94.81808069713323
-29.665631459994945 0.0 91.30142556433475
-43.58308797499648 0.0 85.53662632208332
-56.427384220077414 0.0 77.66563145999496
-67.88225099390856 0.0 67.88225099390857
-77.66563145999494 0.0 56.42738422007743
-85.53662632208331 0.0 43.5830879749965
-91.30142556433474 0.0 29.665631459994962
-94.81808069713321 0.0 15.017708643862175
-96.0 0.0 1.175660927181459e-14
-94.81808069713323 0.0 -15.01770864386215
-91.30142556433475 0.0 -29.66563145999494
-85.53662632208332 0.0 -43.58308797499648
-77.66563145999497 0.0 -56.427384220077414
-67.88225099390857 0.0 -67.88225099390856
-56.42738422007743 0.0 -77.66563145999494
-43.5830879749965 0.0 -85.53662632208331
-29.665631459994966 0.0 -91.30142556433474
-15.017708643862179 0.0 -94.81808069713321
-1.7634913907721887e-14 0.0 -96.0
15.017708643862145 0.0 -94.81808069713323
29.665631459994934 0.0 -91.30142556433475
43.583087974996474 0.0 -85.53662632208332
56.4273842200774 0.0 -77.66563145999497
67.88225099390854 0.0 -67.88225099390857
77.66563145999494 0.0 -56.42738422007744
85.53662632208331 0.0 -43.58308797499651
91.30142556433474 0.0 -29.66563145999497
94.81808069713321 0.0 -15.017708643862187
92.0 25.0 0.0
90.86732733475267 25.0 14.39197078370124
87.49719949915412 25.0 28.429563482495162
81.97260022532984 25.0 41.7671259760383
74.42956348249517 25.0 54.07624321090753
65.05382386916237 25.0 65.05382386916237
54.07624321090753 25.0 74.42956348249517
41.76712597603831 25.0 81.97260022532984
28.429563482495166 25.0 87.49719949915412
14.391970783701245 25.0 90.86732733475267
5.633375276077825e-15 25.0 92.0
-14.391970783701234 25.0 90.86732733475267
-28.429563482495155 25.0 87.49719949915414
-41.767125976038294 25.0 81.97260022532984
-54.07624321090752 25.0 74.42956348249517
-65.05382386916237 25.0 65.05382386916237
-74.42956348249515 25.0 54.07624321090754
-81.97260022532984 25.0 41.76712597603831
-87.49719949915412 25.0 28.42956348249517
-90.86732733475266 25.0 14.39197078370125
-92.0 25.0 1.126675055215565e-14
-90.86732733475267 25.0 -14.391970783701227
-87.49719949915414 25.0 -28.42956348249515
-81.97260022532984 25.0 -41.767125976038294
-74.42956348249517 25.0 -54.07624321090752
-65.05382386916239 25.0 -65.05382386916237
-54.07624321090754 25.0 -74.42956348249515
-41.767125976038315 25.0 -81.97260022532984
-28.429563482495176 25.0 -87.49719949915412
-14.391970783701256 25.0 -90.86732733475266
-1.6900125828233473e-14 25.0 -92.0
14.391970783701222 25.0 -90.86732733475267
28.429563482495144 25.0 -87.49719949915414
41.767125976038294 25.0 -81.97260022532986
54.076243210907506 25.0 -74.42956348249517
65.05382386916236 25.0 -65.05382386916239
74.42956348249515 25.0 -54.07624321090755
81.97260022532984 25.0 -41.76712597603832
87.49719949915412 25.0 -28.42956348249518
90.86732733475266 25.0 -14.391970783701263
88.0 50.0 0.0
86.91657397237212 50.0 13.766232923540317
83.6929734339735 50.0 27.193495504995372
78.40857412857638 50.0 39.951163977080114
71.19349550499538 50.0 51.725102201737634
62.22539674441619 50.0 62.22539674441617
51.725102201737634 50.0 71.19349550499538
39.95116397708012 50.0 78.40857412857636
27.193495504995376 50.0 83.6929734339735
13.766232923540322 50.0 86.91657397237212
5.3884459162483544e-15 50.0 88.0
-13.766232923540311 50.0 86.91657397237212
-27.193495504995365 50.0 83.69297343397352
-39.95116397708011 50.0 78.40857412857638
-51.72510220173763 50.0 71.19349550499538
-62.22539674441617 50.0 62.22539674441619
-71.19349550499537 50.0 51.72510220173765
-78.40857412857636 50.0 39.95116397708012
-83.6929734339735 50.0 27.19349550499538
-86.91657397237212 50.0 13.766232923540326
-88.0 50.0 1.0776891832496709e-14
-86.91657397237212 50.0 -13.766232923540304
-83.69297343397352 50.0 -27.19349550499536
-78.40857412857638 50.0 -39.95116397708011
-71.19349550499538 50.0 -51.72510220173763
-62.225396744416194 50.0 -62.22539674441617
-51.72510220173765 50.0 -71.19349550499537
-39.95116397708013 50.0 -78.40857412857636
-27.193495504995386 50.0 -83.6929734339735
-13.766232923540331 50.0 -86.91657397237212
-1.6165337748745062e-14 50.0 -88.0
13.766232923540299 50.0 -86.91657397237212
27.193495504995354 50.0 -83.69297343397352
39.95116397708011 50.0 -78.40857412857639
51.72510220173761 50.0 -71.19349550499538
62.225396744416166 50.0 -62.225396744416194
71.19349550499537 50.0 -51.725102201737656
78.40857412857636 50.0 -39.951163977080135
83.6929734339735 50.0 -27.19349550499539
86.91657397237212 50.0 -13.766232923540338
84.0 75.0 0.0
82.96582060999157 75.0 13.140495063379394
79.88874736879289 75.0 25.957427527495582
74.84454803182291 75.0 38.13520197812193
67.95742752749558 75.0 49.37396119256774
59.396969619669996 75.0 59.39696961966999
49.37396119256774 75.0 67.95742752749558
38.135201978121934 75.0 74.8445480318229
25.957427527495586 75.0 79.88874736879289
13.140495063379397 75.0 82.96582060999157
5.143516556418883e-15 75.0 84.0
-13.140495063379388 75.0 82.96582060999157
-25.957427527495575 75.0 79.8887473687929
-38.13520197812192 75.0 74.84454803182291
-49.373961192567734 75.0 67.95742752749558
-59.39696961966999 75.0 59.396969619669996
-67.95742752749558 75.0 49.373961192567755
-74.8445480318229 75.0 38.135201978121934
-79.88874736879289 75.0 25.95742752749559
-82.96582060999157 75.0 13.140495063379403
-84.0 75.0 1.0287033112837767e-14
-82.96582060999157 75.0 -13.140495063379381
-79.8887473687929 75.0 -25.95742752749557
-74.84454803182291 75.0 -38.13520197812192
-67.9574275274956 75.0 -49.373961192567734
-59.39696961967 75.0 -59.39696961966999
-49.373961192567755 75.0 -67.95742752749558
-38.13520197812194 75.0 -74.8445480318229
-25.957427527495597 75.0 -79.88874736879289
-13.140495063379406 75.0 -82.96582060999157
-1.543054966925665e-14 75.0 -84.0
13.140495063379376 75.0 -82.96582060999157
25.957427527495568 75.0 -79.8887473687929
38.13520197812192 75.0 -74.84454803182291
49.37396119256773 75.0 -67.9574275274956
59.396969619669974 75.0 -59.39696961967
67.95742752749558 75.0 -49.37396119256776
74.8445480318229 75.0 -38.13520197812195
79.88874736879289 75.0 -25.9574275274956
82.96582060999157 75.0 -13.140495063379413
80.0 100.0 0.0
79.01506724761103 100.0 12.514757203218469
76.08452130361228 100.0 24.721359549995793
71.28052193506943 100.0 36.31923997916374
64.7213595499958 100.0 47.022820183397855
56.568542494923804 100.0 56.5685424949238
47.022820183397855 100.0 64.7213595499958
36.31923997916375 100.0 71.28052193506943
24.721359549995796 100.0 76.08452130361228
12.514757203218474 100.0 79.01506724761103
4.898587196589413e-15 100.0 80.0
-12.514757203218466 100.0 79.01506724761103
-24.72135954999579 100.0 76.08452130361229
-36.31923997916373 100.0 71.28052193506943
-47.02282018339784 100.0 64.7213595499958
-56.5685424949238 100.0 56.568542494923804
-64.72135954999578 100.0 47.02282018339786
-71.28052193506943 100.0 36.31923997916375
-76.08452130361228 100.0 24.7213595499958
-79.01506724761101 100.0 12.514757203218478
-80.0 100.0 9.797174393178826e-15
-79.01506724761103 100.0 -12.514757203218458
-76.08452130361229 100.0 -24.721359549995782
-71.28052193506943 100.0 -36.31923997916373
-64.72135954999581 100.0 -47.02282018339784
-56.56854249492382 100.0 -56.5685424949238
-47.02282018339786 100.0 -64.72135954999578
-36.319239979163754 100.0 -71.28052193506943
-24.721359549995803 100.0 -76.08452130361228
-12.514757203218483 100.0 -79.01506724761101
-1.4695761589768237e-14 100.0 -80.0
12.514757203218455 100.0 -79.01506724761103
24.72135954999578 100.0 -76.08452130361229
36.31923997916373 100.0 -71.28052193506944
47.02282018339783 100.0 -64.72135954999581
56.56854249492379 100.0 -56.56854249492382
64.72135954999578 100.0 -47.02282018339787
71.28052193506943 100.0 -36.319239979163754
76.08452130361228 100.0 -24.72135954999581
79.01506724761101 100.0 -12.51475720321849
-36.0 -255.0 0.0
-36.0 -254.9384417029757 0.7821723252011543
-36.0 -254.75528258147577 1.545084971874737
-36.0 -254.45503262094184 2.2699524986977337
-36.0 -254.04508497187473 2.938926261462366
-36.0 -253.53553390593274 3.5355339059327373
-36.0 -252.93892626146237 4.045084971874737
-36.0 -252.26995249869773 4.455032620941839
-36.0 -251.54508497187473 4.755282581475767
-36.0 -250.78217232520115 4.938441702975689
-36.0 -250.0 5.0
-36.0 -249.21782767479885 4.938441702975689
-36.0 -248.45491502812527 4.755282581475768
-36.0 -247.73004750130227 4.455032620941839
-36.0 -247.06107373853763 4.045084971874737
-36.0 -246.46446609406726 3.5355339059327378
-36.0 -245.95491502812527 2.9389262614623664
-36.0 -245.54496737905816 2.269952498697734
-36.0 -245.24471741852423 1.5450849718747375
-36.0 -245.0615582970243 0.7821723252011549
-36.0 -245.0 6.123233995736766e-16
-36.0 -245.0615582970243 -0.7821723252011537
-36.0 -245.24471741852423 -1.5450849718747364
-36.0 -245.54496737905816 -2.2699524986977333
-36.0 -245.95491502812527 -2.938926261462365
-36.0 -246.46446609406726 -3.5355339059327373
-36.0 -247.06107373853763 -4.045084971874736
-36.0 -247.73004750130227 -4.455032620941839
-36.0 -248.45491502812527 -4.755282581475767
-36.0 -249.21782767479885 -4.938441702975688
-36.0 -250.0 -5.0
-36.0 -250.78217232520115 -4.938441702975689
-36.0 -251.54508497187473 -4.755282581475768
-36.0 -252.26995249869773 -4.45503262094184
-36.0 -252.93892626146237 -4.045084971874738
-36.0 -253.53553390593274 -3.5355339059327386
-36.0 -254.04508497187473 -2.938926261462367
-36.0 -254.45503262094184 -2.2699524986977346
-36.0 -254.75528258147577 -1.5450849718747381
-36.0 -254.9384417029757 -0.7821723252011556
36.0 -255.0 0.0
36.0 -254.9384417029757 0.7821723252011543
36.0 -254.75528258147577 1.545084971874737
36.0 -254.45503262094184 2.2699524986977337
36.0 -254.04508497187473 2.938926261462366
36.0 -253.53553390593274 3.5355339059327373
36.0 -252.93892626146237 4.045084971874737
36.0 -252.26995249869773 4.455032620941839
36.0 -251.54508497187473 4.755282581475767
36.0 -250.78217232520115 4.938441702975689
36.0 -250.0 5.0
36.0 -249.21782767479885 4.938441702975689
36.0 -248.45491502812527 4.755282581475768
36.0 -247.73004750130227 4.455032620941839
36.0 -247.06107373853763 4.045084971874737
36.0 -246.46446609406726 3.5355339059327378
36.0 -245.95491502812527 2.9389262614623664
36.0 -245.54496737905816 2.269952498697734
36.0 -245.24471741852423 1.5450849718747375
36.0 -245.0615582970243 0.7821723252011549
36.0 -245.0 6.123233995736766e-16
36.0 -245.0615582970243 -0.7821723252011537
36.0 -245.24471741852423 -1.5450849718747364
36.0 -245.54496737905816 -2.2699524986977333
36.0 -245.95491502812527 -2.938926261462365
36.0 -246.46446609406726 -3.5355339059327373
36.0 -247.06107373853763 -4.045084971874736
36.0 -247.73004750130227 -4.455032620941839
36.0 -248.45491502812527 -4.755282581475767
36.0 -249.21782767479885 -4.938441702975688
36.0 -250.0 -5.0
36.0 -250.78217232520115 -4.938441702975689
36.0 -251.54508497187473 -4.755282581475768
36.0 -252.26995249869773 -4.45503262094184
36.0 -252.93892626146237 -4.045084971874738
36.0 -253.53553390593274 -3.5355339059327386
36.0 -254.04508497187473 -2.938926261462367
36.0 -254.45503262094184 -2.2699524986977346
36.0 -254.75528258147577 -1.5450849718747381
36.0 -254.9384417029757 -0.7821723252011556
120 -133.33333333333334 0
-120 -133.33333333333334 0
110 -166.66666666666669 0
-110 -166.66666666666669 0
100 -200.0 0
-100 -200.0 0
927
0 1
1 2
2 3
3 4
4 5
5 6
6 7
7 8
8 9
9 10
10 11
11 12
12 13
13 14
14 15
15 16
16 17
17 18
18 19
19 20
20 21
21 22
22 23
23 24
24 25
25 26
26 27
27 28
28 29
29 30
30 31
31 32
32 33
33 34
34 35
35 36
36 37
37 38
38 39
39 0
40 41
40 0
41 42
41 1
42 43
42 2
43 44
43 3
44 45
44 4
45 46
45 5
46 47
46 6
47 48
47 7
48 49
48 8
49 50
49 9
50 51
50 10
51 52
51 11
52 53
52 12
53 54
53 13
54 55
54 14
55 56
55 15
56 57
56 16
57 58
57 17
58 59
58 18
59 60
59 19
60 61
60 20
61 62
61 21
62 63
62 22
63 64
63 23
64 65
64 24
65 66
65 25
66 67
66 26
67 68
67 27
68 69
68 28
69 70
69 29
70 71
70 30
71 72
71 31
72 73
72 32
73 74
73 33
74 75
74 34
75 76
75 35
76 77
76 36
77 78
77 37
78 79
78 38
79 40
79 39
80 81
80 40
81 82
81 41
82 83
82 42
83 84
83 43
84 85
84 44
85 86
85 45
86 87
86 46
87 88
87 47
88 89
88 48
89 90
89 49
90 91
90 50
91 92
91 51
92 93
92 52
93 94
93 53
94 95
94 54
95 96
95 55
96 97
96 56
97 98
97 57
98 99
98 58
99 100
99 59
100 101
100 60
101 102
101 61
102 103
102 62
103 104
103 63
104 105
104 64
105 106
105 65
106 107
106 66
107 108
107 67
108 109
108 68
109 110
109 69
110 111
110 70
111 112
111 71
112 113
112 72
113 114
113 73
114 115
114 74
115 116
115 75
116 117
116 76
117 118
117 77
118 119
118 78
119 80
119 79
120 121
120 80
121 122
121 81
122 123
122 82
123 124
123 83
124 125
124 84
125 126
125 85
126 127
126 86
127 128
127 87
128 129
128 88
129 130
129 89
130 131
130 90
131 132
131 91
132 133
132 92
133 134
133 93
134 135
134 94
135 136
135 95
136 137
136 96
137 138
137 97
138 139
138 98
139 140
139 99
140 141
140 100
141 142
141 101
142 143
142 102
143 144
143 103
144 145
144 104
145 146
145 105
146 147
146 106
147 148
147 107
148 149
148 108
149 150
149 109
150 151
150 110
151 152
151 111
152 153
152 112
153 154
153 113
154 155
154 114
155 156
155 115
156 157
156 116
157 158
157 117
158 159
158 118
159 120
159 119
160 161
160 120
161 162
161 121
162 163
162 122
163 164
163 123
164 165
164 124
165 166
165 125
166 167
166 126
167 168
167 127
168 169
168 128
169 170
169 129
170 171
170 130
171 172
171 131
172 173
172 132
173 174
173 133
174 175
174 134
175 176
175 135
176 177
176 136
177 178
177 137
178 179
178 138
179 180
179 139
180 181
180 140
181 182
181 141
182 183
182 142
183 184
183 143
184 185
184 144
185 186
185 145
186 187
186 146
187 188
187 147
188 189
188 148
189 190
189 149
190 191
190 150
191 192
191 151
192 193
192 152
193 194
193 153
194 195
194 154
195 196
195 155
196 197
196 156
197 198
197 157
198 199
198 158
199 160
199 159
200 201
200 160
201 202
201 161
202 203
202 162
203 204
203 163
204 205
204 164
205 206
205 165
206 207
206 166
207 208
207 167
208 209
208 168
209 210
209 169
210 211
210 170
211 212
211 171
212 213
212 172
213 214
213 173
214 215
214 174
215 216
215 175
216 217
216 176
217 218
217 177
218 219
218 178
219 220
219 179
220 221
220 180
221 222
221 181
222 223
222 182
223 224
223 183
224 225
224 184
225 226
225 185
226 227
226 186
227 228
227 187
228 229
228 188
229 230
229 189
230 231
230 190
231 232
231 191
232 233
232 192
233 234
233 193
234 235
234 194
235 236
235 195
236 237
236 196
237 238
237 197
238 239
238 198
239 200
239 199
240 241
240 200
241 242
241 201
242 243
242 202
243 244
243 203
244 245
244 204
245 246
245 205
246 247
246 206
247 248
247 207
248 249
248 208
249 250
249 209
250 251
250 210
251 252
251 211
252 253
252 212
253 254
253 213
254 255
254 214
255 256
255 215
256 257
256 216
257 258
257 217
258 259
258 218
259 260
259 219
260 261
260 220
261 262
261 221
262 263
262 222
263 264
263 223
264 265
264 224
265 266
265 225
266 267
266 226
267 268
267 227
268 269
268 228
269 270
269 229
270 271
270 230
271 272
271 231
272 273
272 232
273 274
273 233
274 275
274 234
275 276
275 235
276 277
276 236
277 278
277 237
278 279
278 238
279 240
279 239
280 281
280 240
281 282
281 241
282 283
282 242
283 284
283 243
284 285
284 244
285 286
285 245
286 287
286 246
287 288
287 247
288 289
288 248
289 290
289 249
290 291
290 250
291 292
291 251
292 293
292 252
293 294
293 253
294 295
294 254
295 296
295 255
296 297
296 256
297 298
297 257
298 299
298 258
299 300
299 259
300 301
300 260
301 302
301 261
302 303
302 262
303 304
303 263
304 305
304 264
305 306
305 265
306 307
306 266
307 308
307 267
308 309
308 268
309 310
309 269
310 311
310 270
311 312
311 271
312 313
312 272
313 314
313 273
314 315
314 274
315 316
315 275
316 317
316 276
317 318
317 277
318 319
318 278
319 280
319 279
320 321
320 280
321 322
321 281
322 323
322 282
323 324
323 283
324 325
324 284
325 326
325 285
326 327
326 286
327 328
327 287
328 329
328 288
329 330
329 289
330 331
330 290
331 332
331 291
332 333
332 292
333 334
333 293
334 335
334 294
335 336
335 295
336 337
336 296
337 338
337 297
338 339
338 298
339 340
339 299
340 341
340 300
341 342
341 301
342 343
342 302
343 344
343 303
344 345
344 304
345 346
345 305
346 347
346 306
347 348
347 307
348 349
348 308
349 350
349 309
350 351
350 310
351 352
351 311
352 353
352 312
353 354
353 313
354 355
354 314
355 356
355 315
356 357
356 316
357 358
357 317
358 359
358 318
359 320
359 319
360 361
360 320
361 362
361 321
362 363
362 322
363 364
363 323
364 365
364 324
365 366
365 325
366 367
366 326
367 368
367 327
368 369
368 328
369 370
369 329
370 371
370 330
371 372
371 331
372 373
372 332
373 374
373 333
374 375
374 334
375 376
375 335
376 377
376 336
377 378
377 337
378 379
378 338
379 380
379 339
380 381
380 340
381 382
381 341
382 383
382 342
383 384
383 343
384 385
384 344
385 386
385 345
386 387
386 346
387 388
387 347
388 389
388 348
389 390
389 349
390 391
390 350
391 392
391 351
392 393
392 352
393 394
393 353
394 395
394 354
395 396
395 355
396 397
396 356
397 398
397 357
398 399
398 358
399 360
399 359
400 401
401 402
402 403
403 404
404 405
405 406
406 407
407 408
408 409
409 410
410 411
411 412
412 413
413 414
414 415
415 416
416 417
417 418
418 419
419 420
420 421
421 422
422 423
423 424
424 425
425 426
426 427
427 428
428 429
429 430
430 431
431 432
432 433
433 434
434 435
435 436
436 437
437 438
438 439
439 400
440 441
440 400
441 442
441 401
442 443
442 402
443 444
443 403
444 445
444 404
445 446
445 405
446 447
446 406
447 448
447 407
448 449
448 408
449 450
449 409
450 451
450 410
451 452
451 411
452 453
452 412
453 454
453 413
454 455
454 414
455 456
455 415
456 457
456 416
457 458
457 417
458 459
458 418
459 460
459 419
460 461
460 420
461 462
461 421
462 463
462 422
463 464
463 423
464 465
464 424
465 466
465 425
466 467
466 426
467 468
467 427
468 469
468 428
469 470
469 429
470 471
470 430
471 472
471 431
472 473
472 432
473 474
473 433
474 475
474 434
475 476
475 435
476 477
476 436
477 478
477 437
478 479
478 438
479 440
479 439
360 380
361 381
362 382
363 383
364 384
365 385
366 386
367 387
368 388
369 389
370 390
371 391
372 392
373 393
374 394
375 395
376 396
377 397
378 398
379 399
380 360
381 361
382 362
383 363
384 364
385 365
386 366
387 367
388 368
389 369
390 370
391 371
392 372
393 373
394 374
395 375
396 376
397 377
398 378
399 379
20 483
0 482
482 484
483 483
485 400
484 440
485 483
