126
116.0 -125.0 0.0
93.8459713474939 -125.0 68.18308926592688
35.8459713474939 -125.0 110.32255589023781
-35.845971347493894 -125.0 110.32255589023782
-93.84597134749389 -125.0 68.1830892659269
-116.0 -125.0 1.4205902870109298e-14
-93.84597134749392 -125.0 -68.18308926592687
-35.845971347493915 -125.0 -110.32255589023781
35.84597134749388 -125.0 -110.32255589023782
93.84597134749389 -125.0 -68.18308926592691
112.0 -100.0 0.0
90.60990336999411 -100.0 65.83194825675699
34.609903369994115 -100.0 106.5183298250572
-34.6099033699941 -100.0 106.51832982505721
-90.6099033699941 -100.0 65.831948256757
-112.0 -100.0 1.3716044150450356e-14
-90.60990336999413 -100.0 -65.83194825675697
-34.60990336999413 -100.0 -106.5183298250572
34.609903369994086 -100.0 -106.51832982505721
90.6099033699941 -100.0 -65.83194825675702
108.0 -75.0 0.0
87.37383539249433 -75.0 63.4808072475871
33.37383539249433 -75.0 102.71410375987658
-33.373835392494314 -75.0 102.7141037598766
-87.37383539249431 -75.0 63.48080724758711
-108.0 -75.0 1.3226185430791415e-14
-87.37383539249434 -75.0 -63.48080724758709
-33.373835392494335 -75.0 -102.71410375987658
33.3738353924943 -75.0 -102.7141037598766
87.37383539249431 -75.0 -63.48080724758712
104.0 -50.0 0.0
84.13776741499453 -50.0 61.12966623841721
32.137767414994535 -50.0 98.90987769469596
-32.13776741499452 -50.0 98.90987769469598
-84.13776741499453 -50.0 61.129666238417215
-104.0 -50.0 1.2736326711132473e-14
-84.13776741499454 -50.0 -61.129666238417194
-32.13776741499455 -50.0 -98.90987769469596
32.137767414994514 -50.0 -98.90987769469598
84.13776741499453 -50.0 -61.12966623841723
100.0 -25.0 0.0
80.90169943749474 -25.0 58.778525229247315
30.901699437494745 -25.0 95.10565162951535
-30.901699437494734 -25.0 95.10565162951536
-80.90169943749473 -25.0 58.77852522924732
-100.0 -25.0 1.2246467991473532e-14
-80.90169943749476 -25.0 -58.7785252292473
-30.901699437494756 -25.0 -95.10565162951535
30.901699437494724 -25.0 -95.10565162951536
80.90169943749473 -25.0 -58.778525229247336
96.0 0.0 0.0
77.66563145999496 0.0 56.42738422007742
29.665631459994955 0.0 91.30142556433474
-29.665631459994945 0.0 91.30142556433475
-77.66563145999494 0.0 56.42738422007743
-96.0 0.0 1.175660927181459e-14
-77.66563145999497 0.0 -56.427384220077414
-29.665631459994966 0.0 -91.30142556433474
29.665631459994934 0.0 -91.30142556433475
77.66563145999494 0.0 -56.42738422007744
92.0 25.0 0.0
74.42956348249517 25.0 54.07624321090753
28.429563482495166 25.0 87.49719949915412
-28.429563482495155 25.0 87.49719949915414
-74.42956348249515 25.0 54.07624321090754
-92.0 25.0 1.126675055215565e-14
-74.42956348249517 25.0 -54.07624321090752
-28.429563482495176 25.0 -87.49719949915412
28.429563482495144 25.0 -87.49719949915414
74.42956348249515 25.0 -54.07624321090755
88.0 50.0 0.0
71.19349550499538 50.0 51.725102201737634
27.193495504995376 50.0 83.6929734339735
-27.193495504995365 50.0 83.69297343397352
-71.19349550499537 50.0 51.72510220173765
-88.0 50.0 1.0776891832496709e-14
-71.19349550499538 50.0 -51.72510220173763
-27.193495504995386 50.0 -83.6929734339735
27.193495504995354 50.0 -83.69297343397352
71.19349550499537 50.0 -51.725102201737656
84.0 75.0 0.0
67.95742752749558 75.0 49.37396119256774
25.957427527495586 75.0 79.88874736879289
-25.957427527495575 75.0 79.8887473687929
-67.95742752749558 75.0 49.373961192567755
-84.0 75.0 1.0287033112837767e-14
-67.9574275274956 75.0 -49.373961192567734
-25.957427527495597 75.0 -79.88874736879289
25.957427527495568 75.0 -79.8887473687929
67.95742752749558 75.0 -49.37396119256776
80.0 100.0 0.0
64.7213595499958 100.0 47.022820183397855
24.721359549995796 100.0 76.08452130361228
-24.72135954999579 100.0 76.08452130361229
-64.72135954999578 100.0 47.02282018339786
-80.0 100.0 9.797174393178826e-15
-64.72135954999581 100.0 -47.02282018339784
-24.721359549995803 100.0 -76.08452130361228
24.72135954999578 100.0 -76.08452130361229
64.72135954999578 100.0 -47.02282018339787
-36.0 -255.0 0.0
-36.0 -254.04508497187473 2.938926261462366
-36.0 -251.54508497187473 4.755282581475767
-36.0 -248.45491502812527 4.755282581475768
-36.0 -245.95491502812527 2.9389262614623664
-36.0 -245.0 6.123233995736766e-16
-36.0 -245.95491502812527 -2.938926261462365
-36.0 -248.45491502812527 -4.755282581475767
-36.0 -251.54508497187473 -4.755282581475768
-36.0 -254.04508497187473 -2.938926261462367
36.0 -255.0 0.0
36.0 -254.04508497187473 2.938926261462366
36.0 -251.54508497187473 4.755282581475767
36.0 -248.45491502812527 4.755282581475768
36.0 -245.95491502812527 2.9389262614623664
36.0 -245.0 6.123233995736766e-16
36.0 -245.95491502812527 -2.938926261462365
36.0 -248.45491502812527 -4.755282581475767
36.0 -251.54508497187473 -4.755282581475768
36.0 -254.04508497187473 -2.938926261462367
120 -133.33333333333334 0
-120 -133.33333333333334 0
110 -166.66666666666669 0
-110 -166.66666666666669 0
100 -200.0 0
-100 -200.0 0
237
0 1
1 2
2 3
3 4
4 5
5 6
6 7
7 8
8 9
9 0
10 11
10 0
11 12
11 1
12 13
12 2
13 14
13 3
14 15
14 4
15 16
15 5
16 17
16 6
17 18
17 7
18 19
18 8
19 10
19 9
20 21
20 10
21 22
21 11
22 23
22 12
23 24
23 13
24 25
24 14
25 26
25 15
26 27
26 16
27 28
27 17
28 29
28 18
29 20
29 19
30 31
30 20
31 32
31 21
32 33
32 22
33 34
33 23
34 35
34 24
35 36
35 25
36 37
36 26
37 38
37 27
38 39
38 28
39 30
39 29
40 41
40 30
41 42
41 31
42 43
42 32
43 44
43 33
44 45
44 34
45 46
45 35
46 47
46 36
47 48
47 37
48 49
48 38
49 40
49 39
50 51
50 40
51 52
51 41
52 53
52 42
53 54
53 43
54 55
54 44
55 56
55 45
56 57
56 46
57 58
57 47
58 59
58 48
59 50
59 49
60 61
60 50
61 62
61 51
62 63
62 52
63 64
63 53
64 65
64 54
65 66
65 55
66 67
66 56
67 68
67 57
68 69
68 58
69 60
69 59
70 71
70 60
71 72
71 61
72 73
72 62
73 74
73 63
74 75
74 64
75 76
75 65
76 77
76 66
77 78
77 67
78 79
78 68
79 70
79 69
80 81
80 70
81 82
81 71
82 83
82 72
83 84
83 73
84 85
84 74
85 86
85 75
86 87
86 76
87 88
87 77
88 89
88 78
89 80
89 79
90 91
90 80
91 92
91 81
92 93
92 82
93 94
93 83
94 95
94 84
95 96
95 85
96 97
96 86
97 98
97 87
98 99
98 88
99 90
99 89
100 101
101 102
102 103
103 104
104 105
105 106
106 107
107 108
108 109
109 100
110 111
110 100
111 112
111 101
112 113
112 102
113 114
113 103
114 115
114 104
115 116
115 105
116 117
116 106
117 118
117 107
118 119
118 108
119 110
119 109
90 95
91 96
92 97
93 98
94 99
95 90
96 91
97 92
98 93
99 94
5 123
0 122
122 124
123 123
125 100
124 110
125 123
